Time_s   Intensity_dB
851.768390   76.960576
851.786168   76.686127
851.803946   75.471679
851.821723   73.039053
851.839501   70.255587
851.857279   69.424422
851.875057   70.076438
851.892834   70.591485
851.910612   70.729889
851.928390   70.203755
851.946168   68.714374
851.963946   66.848286
851.981723   65.192378
851.999501   64.077975
852.017279   63.663011
852.035057   63.848710
852.052834   63.959689
852.070612   63.247285
852.088390   61.568985
852.106168   58.948016
852.123946   54.642991
