Time_s   Intensity_dB
82.315624   78.874207
82.333401   78.349306
82.351179   76.468895
82.368957   72.808848
82.386735   69.648985
82.404512   73.852321
82.422290   77.676129
82.440068   78.932557
82.457846   78.404245
82.475624   77.502951
82.493401   76.897940
82.511179   76.289970
82.528957   75.874579
82.546735   75.857795
82.564512   75.801298
82.582290   75.347108
82.600068   74.526873
82.617846   73.455171
82.635624   71.902050
82.653401   69.571151
82.671179   66.478725
82.688957   62.719920
