Time_s   Intensity_dB
114.698900   78.813837
114.716678   79.652452
114.734456   80.241114
114.752234   80.083371
114.770011   78.590990
114.787789   75.570459
114.805567   72.724634
114.823345   72.402701
114.841122   72.583061
114.858900   71.869282
114.876678   70.635643
114.894456   69.764201
114.912234   69.751192
114.930011   69.876329
114.947789   69.412286
114.965567   68.023748
114.983345   65.829202
115.001122   63.478012
115.018900   62.055191
115.036678   61.402838
115.054456   60.324627
115.072234   59.340334
115.090011   59.568482
115.107789   60.050780
115.125567   59.258929
