Time_s   Intensity_dB
341.880340   74.866640
341.898118   74.832584
341.915896   72.957174
341.933673   71.591529
341.951451   70.488678
341.969229   68.175941
341.987007   66.392718
342.004785   65.852153
342.022562   64.843358
342.040340   63.735496
342.058118   62.859639
342.075896   61.450693
342.093673   58.531562
342.111451   59.055397
342.129229   61.100757
342.147007   60.588002
342.164785   57.855213
342.182562   54.071490
342.200340   50.265056
342.218118   48.571777
