Time_s   Intensity_dB
348.742562   73.022065
348.760340   76.572248
348.778118   77.655980
348.795896   76.791838
348.813673   74.618845
348.831451   72.853518
348.849229   72.630366
348.867007   73.087345
348.884785   73.412926
348.902562   73.654323
348.920340   73.818727
348.938118   73.250483
348.955896   71.742024
348.973673   70.310456
348.991451   69.574365
349.009229   69.084856
349.027007   68.625027
349.044785   68.300605
349.062562   68.105817
349.080340   68.186147
349.098118   68.577299
349.115896   68.862084
349.133673   69.121450
349.151451   69.415290
349.169229   69.201902
349.187007   67.617815
