Time_s   Intensity_dB
82.798345   63.155222
82.816122   66.118879
82.833900   67.013792
82.851678   66.695027
82.869456   65.781186
82.887234   64.599531
82.905011   63.759571
82.922789   63.005190
82.940567   61.943304
82.958345   61.163204
82.976122   60.609177
82.993900   59.802198
83.011678   59.161812
83.029456   59.470277
83.047234   61.418381
83.065011   63.693022
83.082789   65.408855
83.100567   66.200967
83.118345   65.722555
83.136122   63.863323
83.153900   60.449060
83.171678   54.808535
