Time_s   Intensity_dB
152.340805   78.599498
152.358583   79.222041
152.376361   79.107167
152.394138   78.601430
152.411916   78.237280
152.429694   77.898493
152.447472   77.098953
152.465249   75.470770
152.483027   73.470918
152.500805   71.922845
152.518583   71.006594
152.536361   70.437585
152.554138   69.968788
152.571916   69.406590
152.589694   67.996624
152.607472   65.988940
152.625249   64.374286
152.643027   63.546865
152.660805   63.064688
152.678583   63.122675
152.696361   63.532649
152.714138   63.524332
152.731916   63.413642
152.749694   64.170329
152.767472   66.088728
152.785249   68.129381
152.803027   69.645551
152.820805   70.385181
152.838583   69.556119
152.856361   66.401176
152.874138   60.506244
