Time_s   Intensity_dB
190.327653   71.550240
190.345431   75.532684
190.363209   77.620626
190.380986   78.917213
190.398764   79.949023
190.416542   80.704868
190.434320   81.017599
190.452098   80.319763
190.469875   77.818267
190.487653   74.067398
190.505431   75.677736
190.523209   79.744834
190.540986   81.878716
190.558764   82.529168
190.576542   82.462588
190.594320   81.984996
190.612098   81.184876
190.629875   80.231720
190.647653   79.252449
190.665431   78.532780
190.683209   78.195350
190.700986   77.914601
190.718764   77.076603
190.736542   74.836953
190.754320   70.356586
