Time_s   Intensity_dB
190.881837   75.311600
190.899615   77.071227
190.917392   77.545264
190.935170   77.448377
190.952948   77.195293
190.970726   77.038020
190.988503   77.048102
191.006281   77.092823
191.024059   77.006548
191.041837   76.699661
191.059615   76.158067
191.077392   75.559371
191.095170   74.984296
191.112948   74.430016
191.130726   74.083201
191.148503   73.504656
191.166281   72.266346
191.184059   70.649645
191.201837   69.137876
191.219615   67.296859
191.237392   63.975141
